Sample	FastQC_mqc-generalstats-fastqc-percent_duplicates	FastQC_mqc-generalstats-fastqc-percent_gc	FastQC_mqc-generalstats-fastqc-avg_sequence_length	FastQC_mqc-generalstats-fastqc-percent_fails	FastQC_mqc-generalstats-fastqc-total_sequences
SRR25266111_1	60.37238714210434	44.0	132.55018443702792	27.27272727272727	28465.0
SRR25266111_2	59.1392938696645	44.0	132.55728087124538	27.27272727272727	28465.0
SRR25266112_1	74.67506469410674	44.0	135.24420682583857	18.181818181818183	102405.0
SRR25266112_2	72.43396318539133	44.0	135.25521214784433	27.27272727272727	102405.0
SRR25266113_1	45.83975912462363	44.0	135.61217595652494	0.0	13617.0
SRR25266113_2	43.548505544539914	44.0	135.54777116839244	9.090909090909092	13617.0
SRR25266114_1	59.71138103034688	44.0	134.45474622091916	27.27272727272727	26263.0
SRR25266114_2	57.87229181738567	44.0	134.44111487644216	27.27272727272727	26263.0
SRR25266115_1	65.91063954054317	44.0	134.1785262338168	27.27272727272727	41092.0
SRR25266115_2	64.47240338752069	44.0	134.1949284532269	27.27272727272727	41092.0
SRR25266116_1	57.22299000081294	44.0	135.7631899845541	27.27272727272727	24602.0
SRR25266116_2	55.96292984310219	44.0	135.75205267864402	18.181818181818183	24602.0
SRR25266117_1	48.094989561586644	43.0	119.88596033402922	0.0	19160.0
SRR25266117_2	48.037578288100214	43.0	119.91101252609603	0.0	19160.0
SRR25266118_1	63.9043689113881	46.0	134.93355170800186	27.27272727272727	23507.0
SRR25266118_2	62.98974773471732	46.0	134.95256732037265	27.27272727272727	23507.0
SRR25266119_1	60.028339124860835	44.0	131.57653250565096	27.27272727272727	29641.0
SRR25266119_2	57.963631456428594	44.0	131.60585000506055	18.181818181818183	29641.0
SRR25266120_1	53.8683106776492	44.0	134.73849108090354	27.27272727272727	19789.0
SRR25266120_2	53.085047248471376	44.0	134.7537520844914	27.27272727272727	19789.0
SRR25266121_1	71.07865872767158	44.0	130.5883923534942	27.27272727272727	79775.0
SRR25266121_2	68.41115637731119	44.0	130.62639924788468	27.27272727272727	79775.0
SRR25266122_1	70.72968910954624	44.0	135.0647618082645	18.181818181818183	59217.0
SRR25266122_2	69.10853302261175	44.0	135.04878666599117	27.27272727272727	59217.0
SRR25266123_1	49.06069904947235	44.0	133.80787366215102	18.181818181818183	13361.0
SRR25266123_2	42.98330963251254	44.0	134.06960556844547	18.181818181818183	13361.0
SRR25266124_1	49.55869690011481	44.0	124.86825487944891	0.0	27872.0
SRR25266124_2	43.61366245694603	44.0	125.08912169919633	9.090909090909092	27872.0
SRR25266125_1	62.73721308512561	44.0	128.64052051328395	18.181818181818183	44264.0
SRR25266125_2	61.80417495029821	44.0	128.70221850713898	27.27272727272727	44264.0
SRR25266126_1	67.704734562795	44.0	133.1080969295898	27.27272727272727	41102.0
SRR25266126_2	66.17196243491802	44.0	133.15777821030608	27.27272727272727	41102.0
SRR25266127_1	66.13574620979756	44.0	133.36335553413372	27.27272727272727	45644.0
SRR25266127_2	64.67881868372623	44.0	133.40491630882482	27.27272727272727	45644.0
SRR25266128_1	44.02838962310328	43.0	129.80567792462065	9.090909090909092	8172.0
SRR25266128_2	43.41654429760157	43.0	129.84018600097895	18.181818181818183	8172.0
SRR25266129_1	58.662225922842076	45.0	136.06039411601444	27.27272727272727	18015.0
SRR25266129_2	56.092145434360255	45.0	136.04401887316126	27.27272727272727	18015.0
SRR25266130_1	53.403294834965116	45.0	132.65539074866624	27.27272727272727	17057.0
SRR25266130_2	52.30110804948115	45.0	132.72961247581637	27.27272727272727	17057.0
SRR25266131_1	65.9053119803973	44.0	136.48505002771213	27.27272727272727	34281.0
SRR25266131_2	63.94212537557247	44.0	136.4726233190397	18.181818181818183	34281.0
SRR25266132_1	39.37562940584088	43.0	132.79534519413673	0.0	8937.0
SRR25266132_2	38.983999104845026	43.0	132.76502181940248	9.090909090909092	8937.0
SRR25266133_1	60.70714285714286	44.0	137.26460714285713	18.181818181818183	28000.0
SRR25266133_2	59.042857142857144	44.0	137.27885714285713	27.27272727272727	28000.0
SRR25266134_1	50.56893749076401	44.0	132.21811733412147	27.27272727272727	13534.0
SRR25266134_2	50.56893749076401	44.0	132.27973991428993	27.27272727272727	13534.0
SRR25266135_1	52.841644271921965	46.0	131.0291629342092	18.181818181818183	10047.0
SRR25266135_2	52.403702597790385	46.0	131.06280481735843	27.27272727272727	10047.0
SRR25266136_1	77.79774451427406	45.0	135.78334903690177	27.27272727272727	102949.0
SRR25266136_2	75.29650603696976	45.0	135.80946876608806	27.27272727272727	102949.0
SRR25266137_1	61.12023898431666	45.0	131.77710978342046	27.27272727272727	26780.0
SRR25266137_2	60.38088125466766	45.0	131.82587752053772	27.27272727272727	26780.0
SRR25266138_1	38.64860014357502	44.0	132.0134601579325	9.090909090909092	11144.0
SRR25266138_2	33.37221823402729	44.0	132.04791816223977	18.181818181818183	11144.0
SRR25266139_1	53.858425904041596	44.0	130.3836563460175	27.27272727272727	16924.0
SRR25266139_2	52.688489718742616	44.0	130.3760340345072	18.181818181818183	16924.0
SRR25266140_1	64.00351185250219	44.0	133.41445712613404	27.27272727272727	34170.0
SRR25266140_2	62.63681592039801	44.0	133.43585016095992	27.27272727272727	34170.0
SRR25266141_1	53.35015707884843	43.0	130.82659525158365	18.181818181818183	19417.0
SRR25266141_2	39.47056702889221	44.0	131.31673275995263	9.090909090909092	19417.0
SRR25266142_1	68.05499179358665	44.0	133.9245186453241	27.27272727272727	56663.0
SRR25266142_2	66.76843795775021	44.0	133.94673773008842	27.27272727272727	56663.0
SRR25266143_1	60.20089474128471	44.0	134.9247066767958	9.090909090909092	35541.0
SRR25266143_2	58.71528657043977	44.0	134.90824681353928	18.181818181818183	35541.0
